0.002 100.4 100.092 100.149 99.5175 100.294 100.475 
0.006002 99.9062 101.191 100.619 99.7015 100.09 101.194 
0.010004 100.495 101.236 100.45 99.4142 100.645 101.393 
0.014006 100.932 100.957 100.875 99.5703 100.982 102.02 
0.018008 100.418 101.466 102.122 98.9653 100.666 102.046 
0.02201 101.257 101.95 102.776 99.0699 100.444 102.209 
0.026012 101.875 101.663 102.427 98.9902 99.9373 101.967 
0.030014 101.524 101.494 102.153 100.081 100.112 101.892 
0.034016 101.677 101.278 102.332 99.7886 99.7733 102.136 
0.038018 101.448 101.578 102.501 100.206 100.125 101.92 
0.04202 100.861 101.043 102.622 99.9672 99.9516 101.782 
0.046022 100.914 101.502 102.526 100.097 100.844 102.096 
0.050024 100.648 102.208 102.394 100.011 100.59 102.172 
0.054026 100.25 101.851 103.503 100.299 100.611 102.317 
0.058028 100.302 102.02 103.008 99.7708 101.268 102.873 
0.06203 101.406 102.848 102.973 99.7929 100.604 102.489 
0.066032 102.19 102.824 102.074 99.7864 99.8714 102.95 
0.070034 103.427 103.08 102.281 100.046 100.344 102.818 
0.074036 104.266 103.244 102.189 100.289 100.449 103.405 
0.078038 105.131 104.223 102.876 99.7684 100.268 102.796 
0.08204 104.659 104.274 102.462 99.4578 99.8278 103.508 
0.086042 104.939 104.603 102.543 99.6683 99.5681 103.529 
0.090044 105.828 104.779 102.818 100.02 100.008 103.945 
0.094046 106.815 104.373 102.745 100.277 100.061 104.768 
0.098048 107.638 104.423 102.592 99.6297 99.6291 103.372 
0.10205 107.048 104.246 102.377 99.8308 99.462 103.607 
0.106052 107.029 104.518 102.835 99.7097 99.4635 102.345 
0.110054 107.428 104.118 103.469 99.9005 99.5758 102.233 
0.114056 107.833 104.143 103.757 98.6974 101.013 101.613 
0.118058 107.575 104.592 104.735 98.6663 100.63 101.991 
0.12206 107.06 105.764 104.818 98.3262 100.462 101.698 
0.126062 105.825 106.556 104.544 97.634 100.298 101.944 
0.130064 105.731 106.186 104.11 96.327 99.549 101.035 
0.134066 105.157 106.532 103.155 96.1902 99.1974 101.376 
0.138068 105.806 105.937 103.951 95.811 98.8449 101.288 
0.14207 105.974 106.454 103.754 95.9463 98.6099 101.776 
0.146072 106.36 105.869 103.462 95.4877 98.4948 101.589 
0.150074 106.915 105.816 104.021 94.974 98.3202 101.249 
0.154076 107.752 105.095 104.69 94.7106 98.1304 101.295 
0.158078 107.755 104.891 104.119 94.7455 97.5044 102.167 
0.16208 107.947 104.777 103.765 94.3492 97.1812 102.829 
0.166082 108.35 105.239 103.537 94.5162 96.7895 101.729 
0.170084 107.479 105.177 103.387 94.0572 97.45 101.488 
0.174086 107.307 105.241 103.415 94.7798 97.2921 101.594 
0.178088 107.803 105.078 102.788 94.8851 97.4988 101.404 
0.18209 107.417 104.528 102.247 95.6084 97.4732 101.991 
0.186092 108.142 104.863 102.41 96.1596 98.2494 102.483 
0.190094 108.369 104.488 102.735 96.7044 98.5306 102.174 
0.194096 108.593 104.64 102.315 97.3759 98.4609 101.985 
0.198098 108.467 104.629 102.091 97.9503 98.8754 101.751 
0.2021 108.806 104.977 101.319 97.6134 99.5656 101.256 
0.206102 109.119 104.869 101.066 97.1517 99.3459 101.477 
0.210104 109.437 105.572 101.333 97.1319 98.2307 101.484 
0.214106 109.405 105.904 101.128 96.9942 98.5824 100.81 
0.218108 109.27 106.818 100.949 96.8562 98.705 101.29 
0.22211 109.173 106.642 100.848 97.0607 99.4717 100.126 
0.226112 109.368 106.227 101.034 97.0856 99.8475 99.9929 
0.230114 108.908 106.58 100.747 97.1209 99.1389 100.142 
0.234116 108.446 106.063 100.613 96.8474 98.8152 100.371 
0.238118 108.193 107.056 100.597 97.0935 98.1974 100.471 
0.24212 108.455 107.301 100.742 96.4485 98.8549 100.617 
0.246122 108.858 107.791 100.404 96.8498 98.3207 100.14 
0.250124 107.958 107.156 99.4994 96.7794 98.6354 100.084 
0.254126 107.727 107.623 100.162 95.6465 98.7148 100.452 
0.258128 107.441 107.652 100.765 95.2447 99.1298 100.422 
0.26213 107.988 107.488 100 95.4444 99.1572 99.913 
0.266132 107.177 107.523 100.377 94.6184 99.2384 100.648 
0.270134 106.678 106.737 101.272 94.8917 99.9846 99.8317 
0.274136 106.06 107.255 101.571 95.6115 100.349 99.2156 
0.278138 107.259 108.203 101.926 96.2076 99.9908 98.4245 
0.28214 107.704 108.184 102.331 96.1314 99.7921 98.1671 
0.286142 108.148 108.67 102.273 96.2175 100.057 98.6642 
0.290144 108.394 108.538 102.136 96.9808 99.7161 98.6045 
0.294146 107.837 109.084 101.774 96.101 99.9887 98.5573 
0.298148 107.607 109.299 101.909 96.4074 99.7693 98.6539 
0.30215 107.952 108.598 101.333 96.8312 99.1552 98.0673 
0.306152 108.749 108.912 101.419 95.7794 99.2489 98.5778 
0.310154 108.737 108.015 101.469 95.8838 98.9501 97.9387 
0.314156 107.854 108.038 101.502 96.0837 99.372 97.9038 
0.318158 108.057 108.177 101.542 95.8259 99.3073 97.0747 
0.32216 107.982 107.987 101.27 96.0573 99.0615 97.0054 
0.326162 107.429 108.291 101.466 95.8498 99.2738 98.098 
0.330164 107.283 107.789 101.157 96.0086 99.1633 98.3881 
0.334166 106.896 107.929 100.525 94.931 99.73 98.1708 
0.338168 107.242 108.033 100.47 94.9859 100.216 98.1344 
0.34217 106.46 108.235 100.638 94.9656 98.8953 98.277 
0.346172 106.852 107.926 100.302 94.6346 99.0234 98.7537 
0.350174 105.998 108.728 99.8285 94.2281 99.3101 98.4679 
0.354176 105.576 107.903 100.211 94.5423 100.369 98.4299 
0.358178 105.466 107.601 100.1 94.4069 101.222 98.3021 
0.36218 105.453 107.932 101.089 94.0918 100.847 98.2991 
0.366182 105.402 108.609 101.72 94.1049 100.504 98.3736 
0.370184 105.336 108.27 100.867 93.9653 100.927 98.3588 
0.374186 105.321 107.698 100.779 94.7988 101.733 99.4491 
0.378188 105.497 107.627 100.819 95.3214 101.94 99.1193 
0.38219 105.883 107.392 100.982 94.9108 102.643 99.2234 
0.386192 106.144 107.626 100.369 95.3626 102.332 98.6169 
0.390194 106.814 108.173 100.5 95.8371 102.03 98.3316 
0.394196 107.143 107.998 100.882 95.7303 102.002 97.6751 
0.398198 107.559 107.646 101.261 95.9881 102.407 97.3905 
0.4022 107.272 107.95 102.304 95.7842 102.289 97.9214 
0.406202 107.531 108.37 102.238 95.6869 101.954 98.3665 
0.410204 107.755 108.24 101.554 95.8041 102.068 98.0456 
0.414206 106.428 108.307 101.791 96.0038 102.581 97.081 
0.418208 106.617 108.538 102.498 96.5808 102.968 97.5533 
0.42221 106.881 109.309 102.916 96.429 103.423 97.3955 
0.426212 106.411 109.57 101.956 97.0055 102.844 97.6381 
0.430214 106.586 109.574 101.67 96.7718 103.178 97.1284 
0.434216 106.024 109.502 101.886 96.8711 103.603 97.6238 
0.438218 105.97 109.711 101.163 96.8278 104.548 98.1719 
0.44222 105.967 108.703 101.517 96.6396 105.015 98.8486 
0.446222 106.323 108.205 101.765 96.8536 104.727 98.5189 
0.450224 107.156 107.993 101.803 97.3083 104.552 98.0424 
0.454226 107.244 108.928 102.186 96.8611 104.776 98.1442 
0.458228 107.046 108.834 102.736 96.7974 104.693 98.0252 
0.46223 107.601 108.999 103.585 96.1782 104.216 98.025 
0.466232 107.704 108.7 104.177 96.7409 104.3 98.9337 
0.470234 108.123 108.253 105.306 96.8393 104.641 98.5038 
0.474236 107.756 107.84 105.456 96.0465 104.887 98.6665 
0.478238 106.746 107.144 104.644 96.0275 104.26 98.2881 
0.48224 107.07 107.585 104.134 96.0615 104.563 98.8431 
0.486242 107.51 107.578 104.8 96.4356 105.141 99.5957 
0.490244 107.193 107.492 104.434 96.6818 105.469 99.5749 
0.494246 107.633 107.873 103.72 97.4723 105.839 99.4499 
0.498248 107.639 108.459 103.299 97.0719 105.704 98.4776 
0.50225 108.389 108.415 103.159 96.5258 105.758 98.5124 
0.506252 108.642 108.28 102.363 96.3429 105.672 98.6494 
0.510254 108.533 108.857 101.843 96.5659 105.205 98.8137 
0.514256 109.132 109.215 101.277 96.183 106.011 98.4883 
0.518258 109.036 109.399 101.207 96.1539 105.442 98.5855 
0.52226 109.888 109.27 101.34 95.9543 105.528 98.6149 
0.526262 109.987 109.906 100.265 95.4245 104.983 98.1652 
0.530264 110.044 110.334 100.962 95.3197 105.469 98.4269 
0.534266 109.551 109.1 101.48 94.9886 105.526 98.9264 
0.538268 109.019 109.436 101.31 95.0395 105.245 99.0461 
0.54227 109.365 109.683 101.859 94.9573 105.241 98.9769 
0.546272 108.857 109.529 101.755 94.2552 105.386 99.0748 
0.550274 108.497 109.633 101.775 93.8836 105.642 99.1703 
0.554276 108.181 109.247 102.759 93.9383 105.746 99.0949 
0.558278 108.605 108.637 102.525 93.4188 105.806 99.0553 
0.56228 109.089 109.029 103.261 93.1682 106.656 98.7479 
0.566282 110.203 110.174 103.139 93.0464 106.631 97.6358 
0.570284 109.877 110.983 103.35 92.754 105.981 97.5567 
0.574286 109.663 110.616 103.235 92.1819 106.036 96.9621 
0.578288 110.101 110.394 104.286 91.8944 106.036 95.9604 
0.58229 109.842 110.18 103.933 91.9494 105.422 96.6989 
0.586292 109.5 110.397 104.271 91.5305 105.447 96.8174 
0.590294 108.422 110.64 104.33 90.6691 105.236 96.9816 
0.594296 109.136 110.563 104.132 91.3645 104.606 97.7328 
0.598298 108.754 111.439 103.868 92.4731 105.396 97.4239 
0.6023 108.566 111.922 104.062 93.1026 106.014 96.8548 
0.606302 109.21 111.546 103.908 94.4239 106.015 96.8933 
0.610304 108.792 111.912 103.586 94.8082 106.583 96.1136 
0.614306 109.294 112.631 102.823 94.9627 107.821 96.1723 
0.618308 108.965 112.145 102.575 95.2201 107.746 96.6917 
0.62231 109.793 112.725 102.985 95.3314 107.989 96.1752 
0.626312 109.937 113.274 103.2 94.9341 108.365 95.8805 
0.630314 110.315 113.186 103.341 95.1872 107.47 96.6724 
0.634316 110.28 114.366 103.373 95.0342 106.968 95.6526 
0.638318 111.39 114.328 103.144 95.3559 106.253 95.7549 
0.64232 111.199 114.345 103.04 94.9794 106.397 96.1385 
0.646322 110.457 114.424 102.697 94.6173 106.437 95.9544 
0.650324 110.93 115.037 102.816 93.3404 106.132 95.4919 
0.654326 111.336 115.543 102.735 92.8087 105.553 95.0652 
0.658328 111.442 115.657 103.045 92.6097 105.488 95.5648 
0.66233 111.56 115.117 103.319 92.3006 105.035 95.6266 
0.666332 111.622 114.594 103.415 92.5159 105.51 95.0678 
0.670334 111.931 114.776 103.92 92.3935 106.027 95.1021 
0.674336 112.626 114.343 103.979 92.5246 105.621 94.9403 
0.678338 112.883 115.689 104.198 92.7455 105.518 95.2579 
0.68234 112.596 115.567 104.296 92.7895 105.275 95.3577 
0.686342 112.831 115.75 104.386 92.6146 105.224 95.2004 
0.690344 113.182 116.096 104.398 92.5501 105.204 95.2911 
0.694346 113.043 116.016 104.794 93.2175 105.664 96.2075 
0.698348 113.389 116.502 104.145 92.983 105.465 96.3933 
0.70235 113.466 115.513 103.695 93.3429 104.494 96.3007 
0.706352 113.311 115.929 103.964 93.3437 104.885 96.4636 
0.710354 112.899 115.212 104.127 93.3826 105.433 95.8122 
0.714356 112.984 114.968 105.374 93.6792 106.494 95.7394 
0.718358 113.017 115.006 106.506 94.0431 106.845 95.851 
0.72236 112.294 115.049 106.327 94.343 106.368 95.3876 
0.726362 112.171 115.449 106.964 93.842 106.294 94.8747 
0.730364 111.366 114.758 107.875 93.9216 105.953 95.163 
0.734366 111.177 115.082 107.842 93.7005 105.722 94.7677 
0.738368 111.215 114.456 107.651 93.9795 105.972 94.4703 
0.74237 111.33 114.007 107.785 93.8484 105.795 93.919 
0.746372 111.713 113.448 108.368 94.0043 105.644 94.0805 
0.750374 111.528 113.123 108.983 94.2721 105.638 93.9941 
0.754376 112.281 113.357 108.927 93.7838 106.557 94.4434 
0.758378 113.193 113.295 109.199 94.1287 106.923 94.4333 
0.76238 112.623 113.288 109.091 94.1324 107.842 93.8529 
0.766382 112.11 113.236 108.999 94.4711 107.971 94.4862 
0.770384 112.196 112.791 108.618 94.3044 108.148 95.2968 
0.774386 112.061 113.017 108.651 94.2138 108.417 95.5178 
0.778388 112.022 113.009 108.094 93.6552 108.941 94.7257 
0.78239 111.877 112.541 107.734 94.1807 108.336 94.1132 
0.786392 110.751 112.014 107.493 93.7404 108.214 94.5238 
0.790394 111.049 111.57 108.095 93.942 108.338 94.7716 
0.794396 110.84 110.774 108.385 93.5854 108.5 95.1856 
0.798398 110.698 110.13 107.788 92.8323 109.34 95.6283 
0.8024 110.21 110.642 108.164 93.0168 110.408 94.9259 
0.806402 110.93 110.415 108.961 93.4927 110.126 94.983 
0.810404 111.337 110.489 109.207 93.4196 110.199 95.031 
0.814406 111.256 110.018 109.08 93.4985 109.938 95.2579 
0.818408 111.01 110.744 107.946 93.7103 110.678 95.9333 
0.82241 111.552 109.774 107.027 93.0996 111.138 97.1041 
0.826412 111.587 110.026 107.509 92.8271 111.427 96.902 
0.830414 111.739 110.497 107.444 93.0062 111.413 96.1955 
0.834416 111.253 110.599 108.128 92.0389 111.392 96.5674 
0.838418 110.668 110.257 107.731 92.4092 112.577 96.044 
0.84242 110.795 110.7 108.088 92.4417 112.755 96.1535 
0.846422 110.759 110.169 108.684 92.3896 112.601 96.2088 
0.850424 110.444 110.746 107.849 92.1474 113.213 96.5548 
0.854426 110.24 110.244 108.602 92.4906 113.121 96.9355 
0.858428 110.434 111.377 108.451 93.1577 112.693 97.2988 
0.86243 110.47 111.119 107.757 93.0192 111.944 97.4718 
0.866432 110.713 109.501 108.015 93.5687 111.81 96.7546 
0.870434 110.995 108.607 107.49 93.9085 110.767 96.427 
0.874436 111.327 109.144 107.783 93.7933 111.969 96.1791 
0.878438 112.461 109.031 107.799 93.9073 112.555 95.8272 
0.88244 112.398 109.169 107.433 93.0858 112.429 95.9955 
0.886442 112.691 109.551 107.968 92.1919 113.026 95.7197 
0.890444 111.996 110.695 107.67 92.3742 113.232 95.7076 
0.894446 112.677 110.623 108.086 92.1935 114.171 96.4263 
0.898448 112.302 110.656 108.302 92.5987 114.83 97.2588 
0.90245 112.308 109.617 108.784 92.7338 114.416 97.9062 
0.906452 112.993 109.59 108.755 93.5256 115.755 98.1989 
0.910454 113.066 109.312 109.429 93.1835 115.802 97.7401 
0.914456 112.547 109.726 109.582 92.5261 116.005 97.8139 
0.918458 112.55 110.542 110.039 92.558 116.137 98.7431 
0.92246 113.022 110.172 109.685 92.5054 115.496 98.5095 
0.926462 112.973 109.705 109.882 91.5373 116.553 98.8384 
0.930464 113.021 109.701 109.426 91.6216 115.618 98.5482 
0.934466 113.079 109.057 110.064 91.648 115.109 99.2088 
0.938468 114.432 109.685 110.533 91.8466 115.262 99.7454 
0.94247 114.364 109.389 110.242 91.7634 115.699 99.3899 
0.946472 113.64 109.48 110.601 92.0013 115.785 99.3295 
0.950474 114.177 109.07 111.062 92.0027 116.059 99.5255 
0.954476 114.102 109.566 111.813 92.1605 116.982 99.926 
0.958478 114.236 109.901 112.051 92.555 117.398 99.572 
0.96248 113.601 110.214 111.431 92.8042 117.745 98.9977 
0.966482 113.598 110.63 111.716 92.7759 118.633 98.6522 
0.970484 114.501 110.737 111.263 92.6416 118.855 99.1282 
0.974486 115.555 110.843 111.648 92.4553 118.847 98.9313 
0.978488 114.217 110.503 111.006 92.5396 118.877 98.0858 
0.98249 113.29 110.498 111.213 92.9764 119.052 98.3181 
0.986492 113.672 110.71 111.199 92.48 118.708 98.8801 
0.990494 114.69 110.823 111.535 93.2261 119.814 99.1404 
0.994496 115.154 110.139 111.103 92.571 120.767 99.7091 
0.998498 114.973 110.223 110.688 92.4345 121.124 99.375 
1.0025 115.549 110.38 111.312 93.2844 121.177 99.4009 
1.0065 115.789 109.938 111.397 93.1064 121.274 99.8466 
1.0105 115.078 110.141 110.757 92.869 120.259 99.3228 
1.01451 114.873 110.778 110.945 92.8678 120.339 99.3153 
1.01851 114.742 111.08 110.101 92.9668 120.615 98.9049 
1.02251 115.287 110.105 110.356 93.0762 120.255 98.2042 
1.02651 114.954 110.712 110.426 93.8176 120.28 98.4416 
1.03051 114.085 110.399 110.599 93.872 121.041 97.7529 
1.03452 114.514 111.442 110.968 93.4967 120.197 98.1723 
1.03852 114.725 111.83 111.401 93.4183 119.379 98.3441 
1.04252 114.635 112.198 111.156 93.056 120.035 97.5485 
1.04652 114.98 112.323 111.556 93.0696 119.209 97.2594 
1.05052 115.672 112.426 111.097 92.899 118.974 97.5631 
1.05453 115.097 112.496 111.394 92.9086 119.368 98.119 
1.05853 114.63 113.233 111.186 93.5321 118.972 98.8749 
1.06253 115.713 112.575 110.232 92.7635 119.646 99.7256 
1.06653 115.385 112.675 109.834 92.6475 119.002 99.5443 
1.07053 114.711 113.408 110.659 92.2491 119.525 99.5669 
1.07454 114.169 112.337 110.67 91.9997 119.26 99.7235 
1.07854 113.875 112.207 110.128 92.3448 118.779 99.8232 
1.08254 113.316 111.619 110.778 91.9203 118.383 99.6419 
1.08654 113.746 110.747 110.376 92.3178 118.072 99.9758 
1.09054 114.318 111.289 110.538 92.2092 118.277 99.6248 
1.09455 113.592 111.395 109.983 92.3582 118.204 100.483 
1.09855 113.693 111.374 109.358 92.2254 117.41 100.839 
1.10255 113.857 111.264 109.912 91.7887 117.553 101.451 
1.10655 113.92 111.768 109.775 91.3287 117.238 101.719 
1.11055 112.7 111.205 110.375 90.7734 116.213 101.729 
1.11456 112.167 110.802 109.586 90.7062 115.912 101.462 
1.11856 112.401 110.938 108.371 90.9709 117.12 101.195 
1.12256 112.929 111.002 108.371 90.4299 117.736 101.288 
1.12656 112.971 110.213 108.618 90.3113 118.329 100.642 
1.13056 113.127 110.375 108.533 90.4281 118.254 100.551 
1.13457 113.047 110.883 108.977 90.8878 117.856 100.494 
1.13857 112.853 109.967 110.357 89.9605 118.22 99.8975 
1.14257 112.427 109.907 110.552 90.3329 118.82 100.057 
1.14657 112.443 110.049 110.989 90.4066 118.958 99.1757 
1.15057 111.895 110.03 110.938 90.0574 119.564 100.028 
1.15458 111.77 109.855 110.919 90.3815 119.982 100.017 
1.15858 111.619 109.122 111.227 90.1429 120.032 100.682 
1.16258 110.905 108.319 111.849 89.8517 119.386 100.417 
1.16658 111.259 107.946 111.933 89.8901 119.348 100.073 
1.17058 110.906 107.933 111.387 89.8367 120.433 99.8872 
1.17459 110.043 108.11 111.315 89.1368 120.251 100.051 
1.17859 109.473 107.69 111.175 89.2056 120.806 99.7996 
1.18259 109.147 108.644 111.206 89.5116 121.207 100.074 
1.18659 108.707 108.081 111.931 88.8951 120.32 99.648 
1.19059 108.712 108.875 112.013 88.3379 120.875 100.354 
1.1946 108.368 108.474 112.71 88.3334 120.828 100.238 
1.1986 108.816 108.78 112.891 88.498 121.591 100.859 
1.2026 108.714 108.269 113.175 88.6415 121.344 101.092 
1.2066 109.734 108.171 113.297 88.5867 121.596 100.153 
1.2106 108.927 107.745 113.448 88.2821 121.776 99.7819 
1.21461 109.379 107.977 113.818 88.3629 120.889 99.9393 
1.21861 110.014 107.148 113.612 88.7511 120.49 100.131 
1.22261 109.758 107.38 113.846 88.5725 120.519 100.006 
1.22661 110.543 107.545 114.622 89.3262 120.627 99.9411 
1.23061 109.722 107.191 114.055 89.0943 120.784 100.454 
1.23462 109.71 106.914 113.468 89.5011 120.924 100.377 
1.23862 109.375 108.144 113.127 88.7322 121.862 99.7995 
1.24262 109.361 108.19 113.437 88.7373 121.999 99.3827 
1.24662 109.414 108.11 113.215 88.5716 121.739 99.7795 
1.25062 109.208 108.356 113.404 88.3388 121.667 99.3928 
1.25463 109.802 108.673 112.946 88.9016 121.344 99.195 
1.25863 110.432 108.671 113.434 89.1651 120.367 99.3255 
1.26263 110.232 108.467 113.556 88.8284 120.244 99.4654 
1.26663 110.067 108.509 113.424 88.5435 120.262 99.1908 
1.27063 109.166 108.338 113.805 88.9536 120.661 99.2984 
1.27464 108.571 108.27 114.148 89.6399 120.534 99.3642 
1.27864 108.094 109.399 113.942 89.7515 121.424 99.2428 
1.28264 108.467 108.834 114.439 89.8735 120.753 99.9528 
1.28664 109.031 109.125 114.163 90.2285 120.825 100.369 
1.29064 108.894 109.112 113.927 90.3302 120.769 100.622 
1.29465 108.501 109.592 114.592 90.2 120.009 100.82 
1.29865 108.16 110.107 114.658 89.8192 119.941 101.029 
1.30265 107.867 109.978 114.627 89.174 120.378 101.822 
1.30665 107.749 110.542 115.674 88.6408 120.446 102.618 
1.31065 107.739 111.058 115.769 89.2147 120.699 103.235 
1.31466 107.112 110.753 115.832 88.9516 121.163 103.584 
1.31866 106.747 110.284 115.518 89.4256 121.23 103.96 
1.32266 106.214 109.883 115.291 89.8553 121.515 104.086 
1.32666 106.202 110.681 114.776 89.1206 121.429 104.282 
1.33066 106.95 110.761 114.931 89.6583 122.047 105.042 
1.33467 107.762 110.57 115.194 90.3752 122.209 105.452 
1.33867 108.587 110.747 115.01 90.5861 121.323 104.719 
1.34267 108.776 110.601 114.565 90.7626 120.682 104.343 
1.34667 108.867 110.496 114.92 91.0048 120.264 104.055 
1.35067 109.207 110.37 114.363 90.4254 120.264 104.012 
1.35468 108.448 109.964 114.251 90.1261 120.208 105.047 
1.35868 108.368 110.248 113.616 89.791 119.911 105.388 
1.36268 108.017 111.051 113.605 89.8671 120.843 105.739 
1.36668 108.08 111.536 113.341 89.383 120.82 105.202 
1.37068 107.897 110.844 113.599 89.7347 121.256 105.172 
1.37469 107.12 111.665 113.323 89.7409 121.774 104.654 
1.37869 107.56 111.042 114.301 89.6424 121.707 104.873 
1.38269 107.338 110.287 112.953 89.5111 121.521 104.682 
1.38669 106.305 109.759 112.726 90.4241 121.286 104.583 
1.39069 106.19 109.967 112.178 90.6467 121.476 104.619 
1.3947 105.376 109.49 112.672 90.1039 120.629 104.475 
1.3987 106.005 109.035 113.002 90.0729 120.769 104.247 
1.4027 105.55 109.184 113.325 89.8849 121.118 103.876 
1.4067 105.963 109.023 112.846 89.5794 121.004 103.196 
1.4107 106.143 109.112 113.7 89.59 121.012 103.058 
1.41471 105.835 108.643 113.896 90.0005 121.122 103.569 
1.41871 106.127 107.856 112.955 89.378 120.666 102.699 
1.42271 105.592 107.273 113.386 89.7486 120.981 102.316 
1.42671 105.77 107.986 113.199 89.9887 120.881 102.283 
1.43071 105.761 107.491 113.222 89.8169 121.43 101.963 
1.43472 105.702 107.783 113.434 89.8731 120.909 101.766 
1.43872 105.555 107.654 112.75 89.302 121.772 101.886 
1.44272 105.61 107.96 112.458 89.3305 122.141 102.789 
1.44672 105.882 107.832 112.717 89.234 121.538 102.774 
1.45072 105.628 107.098 112.345 89.6147 121.354 102.838 
1.45473 105.363 106.185 112.899 89.4123 120.556 103.201 
1.45873 105.672 106.699 113.179 89.8422 121.404 103.673 
1.46273 105.82 106.638 113.122 89.7935 121.637 103.627 
1.46673 105.402 107.359 113.281 90.1156 120.491 103.518 
1.47073 105.819 106.741 113.901 90.0267 120.388 102.921 
1.47474 106.049 107.773 114.016 89.8353 120.899 102.876 
1.47874 105.816 108.439 114.056 89.6845 120.845 102.545 
1.48274 105.389 108.96 114.266 89.6354 121.019 102.976 
1.48674 105.251 108.918 114.031 88.8762 120.097 103.221 
1.49074 105.092 109.303 113.182 89.1466 120.148 104.322 
1.49475 104.902 109.631 112.721 88.5824 119.754 104.289 
1.49875 105.052 109.646 112.524 88.0966 119.96 104.316 
1.50275 105.474 109.945 112.598 88.1354 120.558 103.646 
1.50675 105.838 109.49 112.535 87.6519 120.882 104.315 
1.51075 106.045 109.799 112.194 87.5293 121.658 104.606 
1.51476 105.383 109.672 111.841 87.2887 120.944 104.905 
1.51876 105.237 109.868 111.683 86.9111 120.765 104.503 
1.52276 105.931 109.324 111.966 86.9343 121.394 104.581 
1.52676 105.88 108.939 111.332 86.9559 121.551 105.303 
1.53076 106.239 108.032 111.862 87.7053 120.367 106.183 
1.53477 105.994 107.246 112.979 87.8977 120.128 106.691 
1.53877 105.977 107.99 112.686 88.1151 119.837 107.135 
1.54277 106.615 107.235 112.35 88.3092 120.59 107.665 
1.54677 106.537 106.985 112.659 88.1148 120.096 108.508 
1.55077 106.522 106.889 112.554 87.8983 119.692 108.09 
1.55478 106.457 106.631 112.005 87.6819 120.469 108.271 
1.55878 106.787 107.05 111.924 87.6636 119.88 108.154 
1.56278 106.544 106.843 112.415 88.0706 119.083 108.005 
1.56678 105.955 106.614 112.726 88.4169 118.84 108.456 
1.57078 105.964 106.574 112.178 88.9519 118.948 108.426 
1.57479 105.836 107.144 112.029 89.8457 119.326 109.022 
1.57879 105.847 107.325 112.14 89.9881 119.512 109.682 
1.58279 106.381 107.214 111.869 89.3353 119.484 110.131 
1.58679 106.812 106.279 111.697 89.072 119.69 109.065 
1.59079 106.641 105.882 112.212 88.7204 118.709 109.43 
1.5948 107.033 106.357 112.647 88.1858 119.294 108.936 
1.5988 107.698 105.432 112.072 88.2853 118.614 108.466 
1.6028 107.875 105.501 112.075 88.6751 117.773 108.431 
1.6068 107.927 104.793 112.045 88.6169 117.601 109.495 
1.6108 107.777 105.287 112.031 88.7009 118.076 109.547 
1.61481 107.257 105.502 112.426 88.7973 118.113 109.676 
1.61881 107.68 105.316 113.01 89.4447 118.15 108.914 
1.62281 107.275 104.659 114.476 89.3025 118.455 109.24 
1.62681 107.313 104.594 114.282 88.6862 118.724 109.438 
1.63081 108.099 104.387 114.702 88.3776 118.974 109.532 
1.63482 107.913 103.639 114.636 88.4612 118.549 110.132 
1.63882 109.042 103.484 113.653 88.3919 118.676 109.658 
1.64282 109.798 103.055 114.567 88.1669 118.732 109.056 
1.64682 109.451 103.438 115.463 88.1576 117.879 108.81 
1.65082 110.017 103.631 114.574 88.5302 118.158 108.733 
1.65483 108.972 103.2 114.356 88.7518 118.607 109.092 
1.65883 109.032 102.998 115.344 88.4046 119.517 108.807 
1.66283 108.893 102.388 114.482 87.9936 119.166 109.583 
1.66683 109.044 102.972 114.031 87.9359 119.091 110.654 
1.67083 109.42 102.256 114.167 87.4298 118.412 110.75 
1.67484 109.526 101.715 114.387 87.3232 117.688 110.886 
1.67884 109.496 101.458 115.384 87.3751 118.185 111.008 
1.68284 109.097 102.493 115.496 87.7426 117.353 110.679 
1.68684 109.145 102.754 115.753 87.7329 117.116 109.781 
1.69084 108.89 102.799 115.987 87.9123 117.288 109.234 
1.69485 107.878 102.79 116.221 87.7169 116.704 109.027 
1.69885 107.842 103.04 116.035 87.3969 117.136 109.081 
1.70285 108.461 103.645 115.6 87.4955 116.984 108.749 
1.70685 108.103 105.178 115.757 87.3098 117.244 109.209 
1.71085 107.686 105.064 115.337 87.418 116.983 109.869 
1.71486 108.174 104.8 115.792 86.9848 116.773 110.352 
1.71886 108.757 104.1 116.359 86.9212 117.088 109.325 
1.72286 108.338 103.999 115.286 87.0931 117.936 109.798 
1.72686 108.266 103.85 115.857 87.0551 118.609 108.922 
1.73086 107.901 103.808 115.143 87.1239 118.635 108.519 
1.73487 107.396 104.286 115.444 87.5395 118.821 108.844 
1.73887 106.939 104.621 116.457 87.1655 119.717 108.898 
1.74287 106.6 104.458 115.393 87.6468 119.225 109.119 
1.74687 106.244 104.882 115.593 87.2367 118.453 109.681 
1.75087 106.643 104.381 115.427 87.8297 117.451 109.294 
1.75488 106.565 103.784 115.047 87.8052 117.022 108.723 
1.75888 106.531 103.692 114.796 87.3682 117.286 108.914 
1.76288 106.296 103.264 114.669 87.8882 117.682 109.432 
1.76688 105.659 103.782 114.666 87.4546 117.449 109.461 
1.77088 106.335 103.614 114.069 87.505 118.168 110.088 
1.77489 106.51 104.896 114.38 87.5476 117.938 111.048 
1.77889 106.425 104.155 114.063 86.8295 118.349 110.661 
1.78289 106.586 104.194 114.352 86.8927 119.447 111.454 
1.78689 106.158 104.218 114.019 86.269 119.159 110.745 
1.79089 106.258 104.093 113.435 86.3756 118.961 111.336 
1.7949 106.882 103.894 113.213 86.7075 118.414 111.302 
1.7989 107.169 103.692 113.64 86.6417 118.975 111.205 
1.8029 108.154 103.26 113.118 86.5935 119.522 111.689 
1.8069 107.973 102.469 112.896 86.568 120.082 111.38 
1.8109 107.898 102.097 112.698 86.4517 120.505 111.341 
1.81491 108.123 102.584 112.587 86.5085 119.469 111.19 
1.81891 107.533 103.186 112 86.8197 119.142 111.081 
1.82291 107.795 102.765 111.777 87.2038 119.795 110.588 
1.82691 107.481 102.973 112.376 87.0677 119.394 110.591 
1.83091 107.008 102.774 112.522 87.7726 118.972 110.323 
1.83492 106.896 102.736 111.861 87.8036 118.723 109.756 
1.83892 106.367 102.656 111.618 88.1019 119.236 109.671 
1.84292 106.48 103.278 112.356 88.3212 119.744 109.124 
1.84692 106.418 103.071 112.75 87.9782 119.909 109.583 
1.85092 106.115 102.492 112.62 88.4244 120.404 110.136 
1.85493 105.297 102.186 112.841 88.1582 119.872 110.532 
1.85893 105.419 102.487 112 87.9826 119.966 110.66 
1.86293 105.811 101.974 112.046 88.4782 120.101 110.573 
1.86693 106.074 102.262 111.842 88.63 120.198 110.263 
1.87093 105.617 101.651 112.135 88.4224 120.302 110.911 
1.87494 105.254 101.721 112.451 89.1988 119.997 111.458 
1.87894 105.706 102.48 112.758 89.8863 120.28 111.411 
1.88294 105.144 102.068 113.173 89.3113 120.559 110.63 
1.88694 104.93 101.801 113.352 89.4484 121.245 110.577 
1.89094 104.679 101.912 113.408 89.5355 121.694 110.524 
1.89495 104.866 102.001 113.584 90.0454 120.796 110.45 
1.89895 104.644 101.76 113.83 89.9569 120.716 110.74 
1.90295 104.549 101.588 113.184 89.8343 121.223 110.828 
1.90695 104.458 101.085 113.815 89.6334 121.148 110.621 
1.91095 104.821 100.869 113.204 89.9739 121.284 111.321 
1.91496 104.83 100.509 112.396 89.7192 121.236 111.195 
1.91896 104.263 100.851 112.465 89.8439 121.188 111.353 
1.92296 103.626 101.417 112.206 90.1257 120.87 111.386 
1.92696 104.783 101.265 112.163 89.7598 121.215 110.525 
1.93096 104.484 100.603 111.321 90.8051 121.461 111.143 
1.93497 104.059 100.21 111.647 91.2376 121.889 111.758 
1.93897 104.452 99.8969 111.218 90.874 122.6 112.141 
1.94297 104.786 98.8782 110.557 90.7082 122.742 111.56 
1.94697 103.902 98.1681 110.845 91.0227 123.474 110.823 
1.95097 103.611 98.0472 111.256 90.651 124.537 109.872 
1.95498 104.292 97.9819 111.548 90.3034 124.907 109.583 
1.95898 103.968 98.5613 111.604 89.9025 124.456 108.685 
1.96298 104.253 97.5876 112.186 90.8821 124.098 108.534 
1.96698 103.658 98.5668 113.136 91.1438 124.235 108.256 
1.97098 103.644 99.1253 113.24 91.4899 124.509 108.789 
1.97499 103.457 99.3685 112.824 91.0754 123.521 108.962 
1.97899 103.548 98.9889 112.083 90.9967 122.904 108.862 
1.98299 103.28 99.1443 112.728 90.5922 122.765 109.026 
1.98699 102.949 98.5597 113.447 90.8385 122.13 108.681 
1.99099 103.808 98.6947 113.765 90.7254 121.489 108.668 
1.995 103.759 98.4718 114.194 90.7228 121.013 108.787 
1.999 103.391 99.1071 114.605 90.8111 120.615 108.562 
2.003 104.22 99.0572 114.315 91.1659 120.046 108.536 
2.007 104.344 99.5797 114.181 91.3086 119.75 109.028 
2.01101 104.398 99.0138 114.236 91.1577 119.864 109.649 
2.01501 104.047 98.1026 114.919 90.5368 120.359 109.23 
2.01901 104.071 99.2506 116.035 89.9499 119.579 109.97 
2.02301 103.662 99.5092 115.412 89.8136 119.393 109.643 
2.02701 103.321 99.3152 115.705 89.9052 119.887 110.087 
2.03102 103.205 99.4165 115.167 89.7967 119.466 110.205 
2.03502 103.191 99.1793 115.677 90.3363 119.781 110.475 
2.03902 103.089 98.4779 115.268 90.54 119.967 110.483 
2.04302 103.234 97.8019 115.18 90.1899 120.744 110.805 
2.04702 102.793 97.9564 114.602 90.4197 120.48 110.63 
2.05103 103.007 97.7238 114.563 90.35 120.469 111.264 
2.05503 102.763 97.4895 113.805 90.4941 120.346 111.822 
2.05903 102.64 96.7582 113.882 90.7655 120.56 111.067 
2.06303 102.8 96.7188 113.199 91.032 120.899 110.915 
2.06703 102.643 96.7237 112.886 90.3173 121.563 110.704 
2.07104 102.17 97.4283 113.009 90.6162 122.13 110.334 
2.07504 103.206 97.7375 113.348 91.2702 122.182 109.046 
2.07904 103.545 97.7936 114.22 90.7011 121.397 109.163 
2.08304 102.724 97.9391 114.224 90.992 121.083 109.625 
2.08704 103.274 97.9419 113.626 90.9259 119.938 109.527 
2.09105 103.829 97.3551 113.817 90.9852 121.002 109.535 
2.09505 104.64 96.8717 114.357 91.1402 121.245 109.471 
2.09905 105.278 96.2665 114.099 90.7729 120.275 109.302 
2.10305 104.295 96.508 114.57 90.5767 121.092 108.986 
2.10705 104.68 96.8368 114.014 90.5737 120.847 108.62 
2.11106 104.777 97.4616 113.977 90.6882 120.664 109.59 
2.11506 104.174 98.0339 113.945 90.7055 121.707 109.632 
2.11906 104.513 98.6054 114.172 91.2715 122.445 110.337 
2.12306 104.214 98.6418 113.991 92.3077 122.255 110.062 
2.12706 104.006 98.7947 113.492 93.0776 122.413 109.287 
2.13107 103.807 98.2513 113.898 93.5179 122.139 108.561 
2.13507 103.282 98.0716 114.267 93.7144 122.083 108.58 
2.13907 103.497 98.4828 114.661 94.4622 121.445 107.914 
2.14307 103.243 98.668 114.301 94.1159 121.505 107.812 
2.14707 102.737 98.4829 114.523 94.3108 122.255 107.095 
2.15108 103.208 98.6633 114.57 94.4966 121.747 106.59 
2.15508 103.478 98.4235 114.002 94.3925 121.148 106.48 
2.15908 103.137 98.1538 114.302 94.5545 122.1 106.375 
2.16308 102.563 98.4442 113.272 95.1959 121.862 105.824 
2.16708 102.565 98.6038 112.855 95.3876 122.474 106.241 
2.17109 102.745 97.5878 112.93 95.3647 123.169 106.172 
2.17509 101.398 97.509 113.036 95.1715 122.409 106.211 
2.17909 101.391 96.7868 112.772 94.8591 122.408 106.817 
2.18309 100.379 97.1543 112.237 94.8442 122.795 106.217 
2.18709 100.724 97.3421 113.016 94.7317 122.955 106.038 
2.1911 100.469 97.1524 112.961 95.0636 123.79 105.857 
2.1951 100.724 97.2655 114.012 95.2921 123.905 105.301 
2.1991 100.144 97.5062 113.904 95.6116 123.191 104.836 
2.2031 100.728 97.5338 113.616 95.6737 123.477 104.917 
2.2071 100.595 97.7061 113.481 95.7511 123.614 105.337 
2.21111 101.15 97.9728 113.909 96.0484 122.572 105.879 
2.21511 100.981 97.6638 113.846 96.1665 122.434 105.829 
2.21911 100.787 97.9013 114.488 97.2948 122.471 105.643 
2.22311 101.049 98.5149 114.649 97.997 124.146 105.6 
2.22711 101.284 98.8567 114.774 98.779 123.121 104.786 
2.23112 100.601 98.9722 114.851 98.7225 123.227 103.935 
2.23512 100.218 98.724 115.465 98.7604 123.746 103.438 
2.23912 100.233 98.592 115.868 98.3805 123.461 103.736 
2.24312 99.3957 98.813 116.693 99.1735 123.232 103.074 
2.24712 99.3096 99.154 116.42 99.8355 122.739 102.802 
2.25113 99.6003 99.2163 116.483 99.3014 123.3 103.098 
2.25513 99.8202 99.2097 116.933 99.6776 122.782 102.907 
2.25913 99.8192 99.0924 117.25 98.9522 122.404 102.855 
2.26313 99.5231 99.6249 117.528 98.1011 121.993 102.694 
2.26713 99.4997 98.9395 117.628 97.8758 122.104 102.893 
2.27114 99.3878 98.8241 117.416 96.6558 122.463 103.349 
2.27514 99.9703 99.1653 116.397 96.7424 123.306 103.59 
2.27914 99.6882 98.9034 115.338 96.9066 123.028 103.683 
2.28314 99.8116 98.7173 115.268 96.9393 122.113 103.765 
2.28714 100.486 98.4085 115.119 96.8747 122.594 104.429 
2.29115 100.62 98.5281 115.311 97.4335 121.715 104.582 
2.29515 100.588 97.2273 115.065 97.6019 122.128 105.437 
2.29915 101.073 97.5081 115.092 97.6454 121.017 105.986 
2.30315 101.199 97.3911 114.523 98.3105 121.293 106.299 
2.30715 101.589 96.8452 114.355 98.2343 121.548 106.497 
2.31116 101.574 96.4835 114.271 97.7381 122.127 106.654 
2.31516 101.661 95.9934 115.055 97.784 122.262 107.204 
2.31916 101.677 96.3131 115.396 97.2579 122.649 106.399 
2.32316 101.266 96.3658 115.887 97.501 121.988 106.359 
2.32716 100.952 96.4836 114.674 97.641 121.438 105.658 
2.33117 100.633 96.4666 115.204 96.7153 121.887 105.15 
2.33517 100.438 96.798 116.643 96.1251 122.602 105.278 
2.33917 100.981 97.3305 116.473 96.488 122.766 104.578 
2.34317 100.983 97.3289 116.171 95.9296 121.861 103.802 
2.34717 100.127 97.6933 116.292 95.4711 121.059 104.064 
2.35118 100.235 97.5641 117.277 95.8458 121.288 103.463 
2.35518 100.223 97.8367 117.874 95.8217 120.486 103.231 
2.35918 99.9998 98.2553 118.294 95.9965 120.196 104.033 
2.36318 99.5693 97.5398 119.091 95.7156 119.606 104.238 
2.36718 100.367 97.0445 120.169 95.9494 119.873 104.117 
2.37119 101.28 96.4143 120.402 95.8051 120.303 104.299 
2.37519 100.949 96.1225 119.853 96.3493 120.388 103.954 
2.37919 101.201 95.543 119.414 96.5283 119.675 103.989 
2.38319 101.502 95.5454 119.261 96.066 118.968 104.035 
2.38719 101.501 95.9022 119.471 95.6553 118.588 104.298 
2.3912 101.291 95.4158 120.216 95.7525 119.085 103.644 
2.3952 101.257 96.0917 119.432 95.5007 118.714 103.648 
2.3992 101.042 96.9659 119.436 95.9014 118.377 104.224 
2.4032 100.34 97.1724 119.309 95.5375 117.714 104.209 
2.4072 101.091 97.434 119.254 96.085 117.319 103.753 
2.41121 101.304 96.9477 119.483 95.7155 117.882 103.749 
2.41521 101.342 96.6175 118.852 96.8202 117.606 104.061 
2.41921 100.563 96.8722 119.653 96.6252 117.878 104.77 
2.42321 101.074 97.0772 119.787 95.7566 117.611 104.425 
2.42721 100.413 96.546 120.259 96.2608 117.938 104.292 
2.43122 101.093 96.4894 120.813 96.2518 117.139 103.307 
2.43522 101.116 95.9773 120.791 96.2196 117.341 102.758 
2.43922 101.311 96.1678 120.236 97.0975 117.218 103.834 
2.44322 100.722 96.322 120.609 96.991 117.239 103.506 
2.44722 100.472 96.8986 120.803 96.7805 117.066 103.067 
2.45123 100.88 96.7058 120.688 96.3829 116.829 103.288 
2.45523 100.2 97.1336 120.985 96.4379 117.634 102.466 
2.45923 100.606 97.3047 122.021 97.2448 117.852 102.92 
2.46323 100.276 96.9562 121.26 97.3375 117.952 102.837 
2.46723 100.54 97.247 122.488 97.2347 117.326 103.705 
2.47124 100.781 97.9686 122.808 97.1106 116.95 103.656 
2.47524 100.314 98.0597 123.412 97.5506 116.403 103.29 
2.47924 99.928 98.5707 121.925 97.7546 116.39 103.365 
2.48324 100.111 98.8538 121.77 97.8819 115.322 103.692 
2.48724 100.022 99.0965 122.356 97.901 114.99 103.64 
2.49125 100.042 98.7756 122.293 97.7625 115.92 103.737 
2.49525 100.725 99.6137 123.499 97.4436 115.425 103.65 
2.49925 101.595 99.8928 123.12 97.9499 116.402 103.535 
2.50325 101.109 99.8049 122.643 97.8818 116.001 103.201 
2.50725 101.281 100.651 123.075 98.2266 115.402 103.211 
2.51126 101.446 101.094 122.841 98.3429 115.955 102.998 
2.51526 101.828 101.596 123.495 98.3033 115.912 102.992 
2.51926 101.796 100.997 123.655 98.3358 116.423 103.96 
2.52326 101.742 100.382 124.41 98.7281 116.632 104.14 
2.52726 101.669 100.583 125.158 99.0428 116.006 103.236 
2.53127 101.591 100.428 125.238 99.6072 115.718 103.538 
2.53527 101.276 99.8493 124.146 100.027 115.654 102.676 
2.53927 101.699 99.6993 124.284 99.9465 116.01 102.437 
2.54327 101.705 99.9292 123.638 99.0873 115.977 102.538 
2.54727 101.077 100.144 123.062 98.8968 116.052 101.922 
2.55128 101.676 99.7913 122.505 98.3436 116.506 101.739 
2.55528 101.171 99.9011 123.207 98.4503 116.41 102.166 
2.55928 100.525 100.242 123.57 98.7845 116.024 102.125 
2.56328 100.102 100.603 123.5 99.3564 115.701 101.996 
2.56728 100.354 99.9736 122.796 98.4601 115.432 101.605 
2.57129 100.229 99.8216 122.345 98.6929 115.786 101.949 
2.57529 100.362 99.7136 121.689 98.9736 115.629 102.57 
2.57929 100.792 99.3475 122.386 98.8346 116.288 102.148 
2.58329 100.395 98.985 123.235 98.4958 115.905 102.081 
2.58729 100.778 98.3831 123.628 98.7717 116.22 101.52 
2.5913 100.659 97.7804 123.627 98.7612 115.805 100.938 
2.5953 99.9625 98.1058 124.284 99.5077 115.682 101.531 
2.5993 99.6982 98.1259 123.755 99.2458 115.489 101.668 
2.6033 99.5835 97.7651 123.439 99.2926 116.287 102.194 
2.6073 100.061 98.6528 124.027 99.6193 115.894 102.403 
2.61131 100.09 98.5267 124.275 99.6632 115.552 104.032 
2.61531 100.688 98.0994 124.033 99.8947 115.78 103.997 
2.61931 100.593 98.1555 124.267 99.6738 115.821 104.508 
2.62331 100.726 98.7687 124.304 100.664 116.271 104.36 
2.62731 100.907 98.4404 123.659 100.005 117.154 103.527 
2.63132 100.495 98.2148 123.582 99.8893 117.151 103.222 
2.63532 100.641 98.3737 123.451 99.4836 116.826 103.273 
2.63932 100.657 98.4626 123.184 99.9331 115.741 103.747 
2.64332 100.41 98.4444 122.855 99.3427 115.391 105.064 
2.64732 100.829 98.8894 122.294 99.3348 115.499 104.93 
2.65133 100.75 98.4345 122.606 99.2931 116.253 104.942 
2.65533 100.587 98.3085 122.341 99.6463 116.766 104.885 
2.65933 99.62 98.6504 122.027 98.6026 115.992 105.421 
2.66333 100.021 97.5477 122.6 98.6692 114.624 105.582 
2.66733 100.985 96.9908 123.291 99.2757 114.353 104.888 
2.67134 100.738 95.9847 123.154 99.9468 114.544 104.856 
2.67534 100.303 95.7515 123.672 100.109 114.662 105.912 
2.67934 99.8791 95.3884 124.529 100.731 115.256 105.993 
2.68334 99.3226 95.083 124.373 99.3944 114.828 106.669 
2.68734 99.3136 94.9671 124.244 99.7192 114.689 106.081 
2.69135 99.1682 94.999 124.24 98.8855 114.866 106.157 
2.69535 98.7872 94.6359 124.649 98.5711 114.483 106.311 
2.69935 98.4121 94.0731 124.932 98.213 114.911 106.228 
2.70335 98.8964 94.4833 124.735 98.4784 114.277 106.301 
2.70735 98.884 94.3812 125.277 98.4277 114.278 106.102 
2.71136 98.5181 94.7063 125.479 98.195 114.126 106.969 
2.71536 98.3349 94.1756 125.634 97.6949 114.323 107.248 
2.71936 98.4641 93.5768 126.266 98.1375 113.964 105.878 
2.72336 99.1972 93.069 126.371 97.0974 114.386 104.837 
2.72736 99.7145 92.8397 127.195 96.2038 114.733 104.314 
2.73137 100.343 93.1662 126.938 96.463 114.359 104.163 
2.73537 100.22 92.9172 126.813 95.9996 115.097 103.786 
2.73937 99.4954 92.6885 126.749 95.8381 115.228 104.448 
2.74337 100.215 92.8161 127.586 95.8603 114.813 105.177 
2.74737 100.499 92.9242 127.907 96.1916 114.19 105.231 
2.75138 100.065 93.5123 127.816 96.4313 114.883 105.558 
2.75538 99.7885 94.2691 128.501 96.3616 114.902 105.526 
2.75938 100.643 93.9508 129.003 96.2021 114.375 106.583 
2.76338 100.555 93.8784 129.34 96.1325 114.879 106.578 
2.76738 100.626 93.6391 129.12 95.3693 115.749 106.896 
2.77139 100.679 93.8517 127.922 94.6661 116.481 106.657 
2.77539 100.79 93.2756 127.678 94.3868 116.146 106.702 
2.77939 101.503 93.5672 127.935 93.6926 116.142 107.493 
2.78339 100.995 93.3798 127.676 93.0363 116.44 107.98 
2.78739 100.9 93.308 127.586 92.482 116.133 108.996 
2.7914 100.975 92.6316 126.846 92.5481 115.461 108.279 
2.7954 101.936 92.7966 126.756 92.6457 115.663 108.294 
2.7994 101.998 92.9126 127.086 92.8723 115.801 109.057 
2.8034 101.76 92.4029 126.41 92.5799 116.521 110.251 
2.8074 101.534 92.4482 125.009 92.1361 116.309 109.95 
2.81141 101.773 93.0714 125.51 92.5482 116.321 109.894 
2.81541 101.24 92.9078 125.381 92.3016 115.642 108.823 
2.81941 101.434 92.539 125.126 92.7425 116.651 108.731 
2.82341 101.722 92.5661 125.848 92.8562 116.773 108.009 
2.82741 101.765 92.307 125.461 93.6034 116.328 107.625 
2.83142 101.447 93.8191 124.601 93.3647 116.182 107.195 
2.83542 101.682 94.1687 124.375 93.3521 115.549 106.78 
2.83942 102.103 94.6149 125.072 93.3702 116.249 106.378 
2.84342 102.299 94.6008 124.893 93.0478 115.971 106.837 
2.84742 101.889 95.1509 124.835 92.6233 116.194 107.391 
2.85143 101.469 95.4634 124.899 92.3116 116.057 107.68 
2.85543 101.246 94.9803 124.664 92.7017 115.582 107.787 
2.85943 100.732 94.8674 124.75 92.739 115.477 107.822 
2.86343 101.266 94.9915 124.64 92.7796 116.04 107.765 
2.86743 102.686 94.7343 124.492 93.075 115.784 108.223 
2.87144 102.892 95.1391 124.057 93.2426 116.282 108.891 
2.87544 102.455 94.3822 123.913 93.0784 116.545 108.904 
2.87944 102.748 95.3365 123.195 92.8109 117.78 108.486 
2.88344 101.903 95.5272 123.215 92.7696 117.08 108.548 
2.88744 101.206 95.686 122.84 93.1604 117.399 109.335 
2.89145 101.275 95.6091 123.061 93.3081 117.267 108.946 
2.89545 100.768 95.8974 122.992 93.6881 117.946 109.548 
2.89945 101.302 95.8444 123.904 94.2702 117.661 109.655 
2.90345 100.695 96.1431 123.807 93.941 118.244 110.405 
2.90745 100.892 96.2621 124.133 93.5259 117.976 109.878 
2.91146 99.8159 96.4467 124.016 93.841 117.729 110.206 
2.91546 99.4245 95.7753 123.874 94.0795 117.071 109.408 
2.91946 99.375 95.8174 123.792 93.2482 116.487 109.082 
2.92346 99.2253 95.6113 124.324 93.3291 116.61 109.313 
2.92746 99.3768 95.873 123.755 93.156 117.305 109.991 
2.93147 99.332 96.1932 123.143 93.0851 117.002 110.125 
2.93547 99.3641 96.5247 121.87 92.824 117.601 110.18 
2.93947 100.296 96.7459 121.026 93.3211 117.067 109.799 
2.94347 100.292 96.7326 121.389 93.0836 116.79 109.808 
2.94747 99.8396 96.236 120.643 92.9697 115.124 109.69 
2.95148 99.6495 96.3372 121.545 93.0668 115.696 110.081 
2.95548 100.122 95.8525 121.013 92.684 115.399 110.244 
2.95948 99.8236 96.6438 121.737 92.5282 115.465 109.82 
2.96348 99.9885 96.0713 121.488 92.6683 115.53 109.887 
2.96748 99.663 95.4639 120.704 92.3433 115.09 110.19 
2.97149 99.5216 94.4365 120.423 92.4729 115.672 109.63 
2.97549 99.1023 93.6743 120.439 92.6547 115.611 110.132 
2.97949 98.7145 93.5922 119.223 92.4693 114.722 109.66 
2.98349 98.8208 93.4549 118.51 91.836 115.064 109.857 
2.98749 98.74 93.6215 118.562 92.1858 115.739 108.348 
2.9915 99.0058 93.0282 117.584 92.0489 116.22 108.506 
2.9955 98.9849 93.2737 116.897 93.4075 115.638 108.405 
2.9995 99.5 93.6014 116.277 93.2707 115.364 108.847 
3.0035 98.9789 93.6332 115.73 94.139 115.864 108.831 
3.0075 99.2195 93.6083 115.194 94.9893 115.399 109.828 
3.01151 99.3189 93.0926 115.365 94.5051 115.834 109.339 
3.01551 98.9972 93.0296 115.906 94.7943 115.984 109.983 
3.01951 98.6641 93.1688 116.465 94.4837 116.706 110.195 
3.02351 98.6388 92.9275 116.106 94.7568 116.737 110.571 
3.02751 98.5085 92.4527 117.12 93.9189 116.167 109.537 
3.03152 97.5901 92.4692 117.835 94.8019 115.447 109.157 
3.03552 97.6806 92.012 117.927 94.9166 115.452 108.583 
3.03952 97.9711 91.8723 118.353 95.4184 116.148 108.52 
3.04352 97.6775 91.343 119.807 94.8973 116.022 109.33 
3.04752 97.8506 90.8591 120.726 94.7265 115.451 109.628 
3.05153 97.6083 90.4239 120.798 94.6265 114.966 110.599 
3.05553 96.9902 90.5241 120.586 94.5177 114.466 111.087 
3.05953 97.1185 90.1349 120.606 95.0235 114.561 110.162 
3.06353 97.0879 89.2795 120.868 94.879 114.756 109.635 
3.06753 96.815 88.9379 120.63 94.9294 114.893 109.627 
3.07154 97.9877 88.9048 120.748 94.1636 114.999 110.545 
3.07554 98.3961 88.7154 120.652 94.0219 114.592 111.085 
3.07954 98.4305 88.2218 120.536 94.1073 113.788 111.835 
3.08354 99.3637 88.0326 120.524 93.7651 113.812 111.486 
3.08754 99.9324 87.8681 121.583 93.7127 114.959 111.109 
3.09155 100.206 87.5611 120.786 93.6495 116.144 111.592 
3.09555 100.541 87.0293 119.452 93.9341 116.952 112.27 
3.09955 100.359 86.7675 120.101 94.6535 116.938 112.717 
3.10355 99.9873 86.4478 120.188 94.0216 115.76 112.542 
3.10755 100.081 86.9285 119.375 93.5362 116.023 112.707 
3.11156 100.674 86.945 119.723 93.8121 116.227 111.275 
3.11556 100.117 87.1518 119.636 93.7804 116.11 109.868 
3.11956 99.9734 87.1283 119.989 93.543 116.846 110.579 
3.12356 100.564 87.182 120.494 93.9892 115.9 110.426 
3.12756 101.026 86.4785 120.173 93.7006 115.015 110.372 
3.13157 101.557 86.1308 120.028 92.9847 114.734 111.018 
3.13557 101.352 86.5354 120.842 92.9948 114.153 111.39 
3.13957 101.763 86.2257 120.997 93.2022 114.585 111.623 
3.14357 101.558 86.8638 121.467 93.325 114.094 111.922 
3.14757 101.266 86.3118 121.961 94.1765 113.892 111.767 
3.15158 101.451 86.7169 121.975 93.5916 114.611 112.47 
3.15558 101.558 87.2468 122.634 93.3511 113.903 112.638 
3.15958 101.657 88.0534 122.518 93.6334 114.37 112.599 
3.16358 100.749 88.2669 123.332 93.1694 114.383 112.248 
3.16758 100.005 88.6976 122.774 93.4631 114.97 112.371 
3.17159 99.9194 88.7544 122.293 93.6641 114.795 112.46 
3.17559 100.249 89.1196 123.645 93.4273 114.866 112.071 
3.17959 100.029 88.9252 123.286 93.9868 115.195 113.123 
3.18359 100.019 89.4811 122.975 93.6206 114.343 113.158 
3.18759 99.5771 89.0932 123.674 93.7376 114.373 113.682 
3.1916 99.5629 89.1915 123.331 94.3308 114.495 113.031 
3.1956 99.1531 89.3151 123.46 94.872 114.934 112.741 
3.1996 99.0729 89.6911 123.892 94.4775 114.665 112.891 
3.2036 98.9858 90.5993 123.896 94.1117 115.128 113.13 
3.2076 98.8667 90.6366 123.04 94.3363 115.036 112.664 
3.21161 98.2859 90.2505 123.196 94.6262 114.583 112.48 
3.21561 98.6197 90.8003 123.501 94.3723 115 113.096 
3.21961 98.7288 90.5358 124.005 94.2046 114.406 114.226 
3.22361 99.5951 90.1458 124.18 94.4085 114.748 114.597 
3.22761 99.5616 90.0395 124.224 94.3209 115.22 113.891 
3.23162 99.8593 89.206 124.869 95.3191 114.578 114.319 
3.23562 100.088 88.6299 124.403 94.8876 114.758 113.974 
3.23962 100.241 89.052 124.178 95.3005 114.418 113.807 
3.24362 100.475 89.2422 124.113 95.6889 113.327 114.256 
3.24762 99.82 89.6413 124.432 95.8023 112.871 114.028 
3.25163 99.9774 89.5414 124.329 95.9379 113.507 113.327 
3.25563 100.129 89.8615 124.251 95.3396 113.522 112.888 
3.25963 99.3117 90.715 125.268 95.6115 113.541 112.926 
3.26363 99.3429 90.9625 124.757 95.9402 113.173 111.611 
3.26763 98.6845 90.8609 124.927 96.309 113.228 112.032 
3.27164 98.4474 91.1149 125.068 96.8421 113.113 111.687 
3.27564 98.2403 91.2393 125.353 96.195 113.249 112.005 
3.27964 98.0405 91.3276 125.24 96.0494 113.059 112.725 
3.28364 98.0735 90.9119 125.565 96.7609 113.416 112.184 
3.28764 98.2195 90.9757 124.286 96.1701 113.348 112.001 
3.29165 98.3932 90.852 124.066 96.1666 113.885 111.921 
3.29565 99.5176 91.4357 123.765 96.7849 114.305 111.794 
3.29965 99.4127 91.0309 123.787 97.0834 114.151 111.601 
3.30365 99.4296 91.1387 123.986 97.2352 113.819 111.626 
3.30765 99.8364 91.4237 124.064 97.5176 113.12 111.598 
3.31166 100.102 90.9033 124.351 97.9548 113.499 112.327 
3.31566 100.36 91.3636 123.79 98.3747 113.815 112.437 
3.31966 100.05 91.4866 124.167 98.1748 114.248 112.832 
3.32366 100.886 91.329 124.253 97.7318 114.025 112.3 
3.32766 100.689 91.5835 124.173 97.5002 114.842 111.761 
3.33167 100.724 91.7807 124.455 97.4525 115.352 112.418 
3.33567 101.025 91.5541 125.085 97.4154 115.564 111.982 
3.33967 100.819 91.3318 124.98 97.5454 115.394 112.161 
3.34367 101.033 91.1385 124.252 97.2662 115.921 112.147 
3.34767 100.469 91.1689 124.796 97.9165 116.412 111.655 
3.35168 100.68 91.244 125.391 99.0174 116.927 110.954 
3.35568 100.806 91.6372 125.736 99.4489 116.441 111.036 
3.35968 100.17 91.7847 125.455 99.627 116.21 111.411 
3.36368 100.514 91.8851 125.253 100.187 115.624 112.154 
3.36768 100.466 91.2314 125.221 100.98 115.595 111.85 
3.37169 100.379 91.0571 125.155 101.073 116.203 112.241 
3.37569 100.611 91.8956 125.266 101.65 115.983 112.395 
3.37969 100.011 91.6786 125.104 101.744 115.1 112.637 
3.38369 99.3447 92.0125 124.827 101.567 115.067 112.822 
3.38769 99.0671 91.9626 125.249 102.048 115.317 112.778 
3.3917 98.4116 92.1083 124.132 101.548 115.518 112.317 
3.3957 97.9623 92.027 124.479 100.727 115.84 111.993 
3.3997 97.9911 91.8388 124.536 99.9677 115.342 111.81 
3.4037 97.7363 91.6903 124.436 100.506 115.259 111.896 
3.4077 97.4573 92.4808 124.856 100.552 114.944 111.951 
3.41171 97.3906 92.5405 125.137 100.446 114.786 111.611 
3.41571 97.3715 92.5451 124.834 99.9521 114.699 111.126 
3.41971 97.4002 92.814 125.729 99.1523 115.752 110.892 
3.42371 96.9115 93.4022 126.061 99.1143 116.177 110.4 
3.42771 96.8642 93.3216 126.504 99.4073 116.043 111.065 
3.43172 96.2957 93.3939 126.585 99.5494 116.27 110.754 
3.43572 96.7922 93.3187 126.89 99.0971 116.191 111.349 
3.43972 96.2848 93.2615 127.253 99.5365 116.227 111.584 
3.44372 96.3033 92.7817 126.554 99.0635 115.703 111.995 
3.44772 97.1147 93.5328 126.119 99.6723 115.569 111.58 
3.45173 97.805 92.7115 125.96 99.7912 115.335 112.303 
3.45573 98.1082 92.2251 126.626 99.6751 115.887 112.888 
3.45973 98.2619 91.9965 126.755 99.3801 115.635 112.424 
3.46373 97.9896 92.8919 126.58 99.6229 115.657 112.988 
3.46773 98.7473 92.694 126.521 99.4189 116.305 113.009 
3.47174 99.0105 92.3872 126.265 100.037 116.749 112.236 
3.47574 98.6982 92.5498 125.341 99.925 116.391 112.398 
3.47974 98.6034 92.6506 125.552 99.4101 115.731 111.274 
3.48374 98.8041 93.3635 125.134 99.3038 115.474 111.952 
3.48774 98.7751 93.4366 126.051 99.9236 115.676 112.238 
3.49175 98.5287 94.0729 126.599 99.7935 115.556 112.449 
3.49575 97.8278 94.3759 126.594 99.4037 116.183 112.441 
3.49975 98.0217 94.3303 125.379 99.5267 116.467 112.298 
3.50375 98.1475 94.2358 124.689 99.3249 116.598 112.242 
3.50775 98.3708 93.9383 125.301 98.8955 116.044 112.564 
3.51176 98.3595 93.2717 126.264 99.0304 116.263 112.271 
3.51576 97.7049 93.5711 125.464 98.6383 116.852 112.726 
3.51976 98.2769 93.5765 126.274 98.8935 116.268 112.308 
3.52376 97.9865 93.8707 126.52 98.3136 115.549 112.434 
3.52776 98.652 93.4734 126.34 98.921 115.59 111.927 
3.53177 98.3169 93.7426 126.339 98.7172 115.539 111.242 
3.53577 98.9305 93.7722 126.288 98.42 115.665 111.837 
3.53977 99.1217 94.0462 125.847 98.7442 114.698 112.549 
3.54377 98.8934 94.0817 125.684 98.5402 114.984 112.297 
3.54777 99.3413 93.557 125.784 98.2201 115.336 111.49 
3.55178 99.6993 93.7551 126.727 98.078 114.952 112.901 
3.55578 99.52 93.9523 126.068 98.3601 115.22 112.934 
3.55978 99.1852 93.9223 125.638 98.0239 115.36 113.27 
3.56378 99.5281 93.8826 125.886 98.2441 114.951 112.672 
3.56778 99.47 93.6981 126.615 98.1556 114.693 113.017 
3.57179 99.6715 93.363 126.757 98.5642 114.932 112.862 
3.57579 99.6818 93.2286 125.457 98.5547 114.394 112.817 
3.57979 98.5848 92.6913 124.567 98.9717 114.466 113.264 
3.58379 98.2595 92.2398 124.806 98.949 114.379 113.739 
3.58779 98.3724 92.6229 123.923 98.7078 114.911 113.386 
3.5918 98.6176 92.8754 124.775 98.7854 114.991 112.963 
3.5958 98.4898 92.4871 124.203 98.5649 115.066 113.568 
3.5998 99.443 92.3036 123.03 98.9872 114.717 114.206 
3.6038 100.057 91.8991 121.9 99.0118 115.38 114.492 
3.6078 100.235 92.0684 120.357 98.6742 115.192 114.701 
3.61181 98.8767 92.2442 120.268 98.4735 115.087 114.541 
3.61581 98.6087 91.6167 119.213 98.6953 114.393 114.12 
3.61981 98.5661 92.1295 119.727 99.1196 114.206 113.774 
3.62381 98.5309 92.676 119.868 99.5106 114.721 113.959 
3.62781 98.4459 92.6923 120.027 99.9015 114.706 113.619 
3.63182 97.2426 92.1724 119.347 100.317 114.839 113.195 
3.63582 97.199 92.3911 119.372 100.38 114.502 113.564 
3.63982 97.1395 91.8605 119.221 99.8723 113.446 112.851 
3.64382 97.4602 91.441 119.806 99.5884 114.193 112.022 
3.64782 98.2886 91.3286 119.302 99.1325 113.784 112.744 
3.65183 98.0853 92.0162 118.612 99.3398 113.74 112.987 
3.65583 97.8604 92.1915 118.754 99.257 113.172 113.073 
3.65983 98.205 92.233 119.46 98.9339 112.836 113.227 
3.66383 97.8582 92.2275 119.619 98.7278 112.958 112.936 
3.66783 97.8258 92.4194 118.957 98.6785 112.869 113.271 
3.67184 97.5269 92.3794 118.636 98.6109 112.552 113.355 
3.67584 96.7431 91.6411 118.657 98.4805 112.819 114.372 
3.67984 97.117 91.3121 118.307 98.9283 113.717 114.795 
3.68384 96.7125 91.6692 117.743 98.9702 113.59 114.643 
3.68784 96.6967 91.5745 116.782 98.8567 113.996 114.535 
3.69185 96.9504 91.8485 116.859 99.9205 113.532 114.205 
3.69585 96.848 91.3401 116.639 99.6549 113.136 114.558 
3.69985 96.8182 90.8609 115.287 99.9624 113.674 115.154 
3.70385 96.4771 90.8491 115.588 99.908 113.553 115.17 
3.70785 96.035 90.8737 115.964 100.833 113.66 115.614 
3.71186 96.0774 90.3796 116.837 100.592 112.836 115.557 
3.71586 95.9007 90.1964 117.376 100.266 112.673 115.505 
3.71986 96.1539 90.0496 116.727 100.383 112.596 115.719 
3.72386 96.2702 90.0957 117.45 100.414 112.209 115.029 
3.72786 96.0234 89.8729 118.056 101.333 112.051 114.334 
3.73187 95.6489 89.769 119.236 100.596 111.662 114.416 
3.73587 95.694 89.5893 119.167 100.288 112.381 114.697 
3.73987 95.9667 89.5025 119.173 100.599 112.408 114.242 
3.74387 96.2637 89.2433 118.831 100.009 113.598 114.435 
3.74787 95.9631 88.8789 118.507 100.124 113.511 114.474 
3.75188 95.7759 88.9232 118.879 100.158 114.079 114.078 
3.75588 96.3712 88.6611 118.201 100.637 114.408 113.888 
3.75988 96.7364 88.0759 118.655 100.81 113.642 114.34 
3.76388 96.4695 87.2741 118.664 101.836 112.895 114.092 
3.76788 96.93 86.4528 118.291 101.55 113.008 114.559 
3.77189 97.2435 87.0066 118.404 102.22 113.526 114.868 
3.77589 96.3021 86.5775 118.196 101.636 113.78 115.284 
3.77989 95.9217 86.7298 118.574 101.531 114.017 115.303 
3.78389 96.4369 87.2199 118.904 102.271 113.879 114.836 
3.78789 96.1944 87.8043 118.168 100.729 113.321 115.251 
3.7919 96.2948 88.0592 117.848 100.47 113.742 115.791 
3.7959 95.7211 87.6732 118.067 100.515 114.288 115.364 
3.7999 95.1378 87.7754 118.712 100.634 114.237 115.579 
3.8039 95.2187 88.3308 118.733 100.268 113.807 115.817 
3.8079 95.8324 88.9934 119.139 99.7419 113.359 115.066 
3.81191 96.0361 89.3206 118.632 99.396 113.496 114.234 
3.81591 96.6227 89.8673 118.34 100.506 113.396 113.944 
3.81991 96.6724 89.9449 119.158 100.302 113.45 114.374 
3.82391 97.5703 89.6634 118.599 100.131 114.124 113.966 
3.82791 97.4877 89.602 118.719 99.5477 113.622 114.202 
3.83192 98.0471 90.1209 118.662 99.7805 113.443 115.503 
3.83592 98.2086 89.8581 118.582 100.077 112.164 116.335 
3.83992 98.9315 89.7998 118.906 100.289 113.045 116.026 
3.84392 99.0983 90.0726 119.743 100.588 113.421 115.336 
3.84792 99.7689 90.1353 120.168 100.76 113.599 116.05 
3.85193 99.9756 89.8353 120.383 100.808 113.965 116.742 
3.85593 98.9098 89.681 120.694 100.843 113.542 116.147 
3.85993 99.0625 89.0723 120.627 100.654 113.44 116.159 
3.86393 99.4009 88.361 120.306 100.401 113.875 115.095 
3.86793 100.114 88.6491 120.84 100.833 113.071 115.245 
3.87194 99.2461 88.7119 119.692 99.388 112.328 115.182 
3.87594 98.8862 88.887 119.735 99.4457 112.436 114.934 
3.87994 98.9834 88.7301 119.572 99.1998 113.035 114.893 
3.88394 99.2268 88.9551 119.643 99.9661 112.561 114.164 
3.88794 99.3967 89.2509 119.695 100.103 112.184 114.456 
3.89195 99.0768 89.3954 119.944 100.659 112.489 114.988 
3.89595 98.8789 89.5275 119.72 100.774 112.434 114.781 
3.89995 98.3584 89.4448 119.538 100.607 112.477 114.237 
3.90395 97.8219 89.9415 120.061 100.623 112.925 113.538 
3.90795 97.9401 89.8291 119.68 100.674 112.589 113.369 
3.91196 97.435 90.2669 119.672 100.85 112.912 113.168 
3.91596 97.3795 90.6304 119.777 100.671 113.612 113.325 
3.91996 98.2278 90.4598 120.318 101.771 113.188 112.596 
3.92396 98.1813 90.267 120.917 101.912 113.542 114.021 
3.92796 98.2169 90.4369 121.645 101.974 113.038 114.694 
3.93197 98.3996 90.7986 121.516 102.352 113.651 114.715 
3.93597 98.5831 90.9928 121.596 102.15 113.708 114.201 
3.93997 98.9088 91.3193 120.937 102.452 112.954 115.405 
3.94397 99.1506 91.2151 120.752 102.637 112.557 115.953 
3.94797 98.9792 91.6419 120.674 102.11 112.103 115.564 
3.95198 98.3229 90.7892 121.105 102.423 112.01 116.166 
3.95598 98.5059 90.794 120.82 102.847 112.328 116.031 
3.95998 98.1441 89.7255 120.554 102.278 111.586 116.577 
3.96398 98.0502 89.8639 120.419 101.386 111.842 116.844 
3.96798 97.9758 89.7512 120.51 100.935 111.95 117.521 
3.97199 98.415 90.4164 121.031 100.836 112.331 116.725 
3.97599 97.414 91.9869 120.288 101.24 112.3 117.314 
3.97999 97.8346 91.928 120.156 101.519 112.301 117.663 
3.98399 97.1877 91.5818 119.377 101.626 112.42 118.337 
3.98799 96.9027 90.9464 119.227 101.978 112.324 118.23 
3.992 96.7268 91.0784 120.041 101.156 112.356 118.554 
3.996 96.8506 91.5313 119.848 101.002 112.497 119.021 
4 96.6379 92.1059 119.886 100.283 113.39 119.532 
